75077
77082
77505-1427
32736
84005
84651
94513
77047
91504
77505
33884
33881
94517
33853
08807
33823
97302
27529
90037
08807-1534
27858
80019
98032
08820
84664
77479-8805
90008
49503
7040
83702
77056
43608
90061
77056-5917
95673
07094
48188
44139
76234
94588
28023
33850
55102
91505
78640
33868
03053
47130
77082-1279
80113
77450
84003
94597-2532
84057
90278-7980
75154-2124
08865
77098
94578
30707
94506
75154
84105
87501
60441
75180
33837
7083
68502
75019
07059
07090-4230
90270
07041
33839
32940
75022
21704
49265
77494
60435
30038-2291
84058
94560
77096
77441
60431
91354
01757
50315
98144
77503
32114
37774
53217
91791
92880
75028
75203
75050
60586
76210
17901
44124
60490
27601
28166
85203
33880-1934
90240
91709
01453-4075
94582
95037
89011
87106
80231
01826
76207
94521
28390
75038-5413
01453-2040
19464
77571-6902
85339
07060
49240-8812
8820
75104-1334
54956
75062-5269
90601
76092
28748
1886
33880-1227
75115-9702
19525-9183
92223
75067-9004
08062
76244
60585
92592
80138
30236
76226
75065
76182
75154-4709
91748
90631
92807
02865
76201
78245
8886
32801
87043
23139
85305
48912
80546
19506
60449
98008
49230
98027-9748
17578-9103
17517-9252
19508
77493
91602-2652
11729
1453
94552
48436
87110
10605
7922
76034-5533
91108
94505
91016
80003
55124
92694
07601
32097
77346
77494-1577
33196
90001
98122
01754-1034
01420
43224
17901-4042
90305
77406
40059
75238
94545
7090
30064
95620
80110
94542
94550
01810
91733
78254
33637
77035-2103
95242
46037
15626
77061
37013-4250
95210
85374
94587
76065
84065
19518-1248
90640
60544
90302
94509
94561
92683
7060
01862
75062-4373
94546
64109
75067
77059
48864
80829
80002
01879
75115-5842
77025
48182
7059
75104-6803
60089
78723
84403
75039-1233
43215
80546-5012
94605
07940-2413
83669
75224
76040
75019-3918
07081
84059
76205
02461
98006
60185
98027
75233
98040
75134-1695
37172
77082-5635
95307
75035
75115
77571
08081
07922
60439
80401
80238
60608
91731
91723
22553
17073-9264
48917
37421
95020
27518
76209
75052
17517-8836
17517-2205
77562
94610
92065
29730
90631-7813
44131
77083-1030
22406
07642
37127
07924
77079
08873
84335
90621
68111
77423
91007
77587
33880
94534
19344-9727
19518
87059
76502
77406-3052
75082-3219
75104-6224
37801
77385
77407
94507-1748
75146-2000
91706
97005
80016
28759
90062-1722
90040
17517-9233
02149
92562
75137-3632
55119
75216
15229
94531
22408
77025-3604
28088
78681
08857
75165
80030
76051
78633
76226-5520
19567-7003
23221
98312
83406
80403
34211
77081
89110
90028
76207-6671
80228
17073-9011
08854
98229
83605
55376
17517-9132
75067-7439
94591
98026
93004
75116-4923
90047
33180
7078
01754
17929
77406-5259
28214
19543
77380
28456
19567-7022
75019-2227
77072
68117
33168
29016
53213
98374-6495
7076
19464-2502
76208
75137
19344-8634
68028
60544-9457
80925
76207-1876
60423
94579
19518-1341
84790
07882
17517-2204
84601
37932
8865
19344-1604
75212
28125
78130
07069
75098-8175
20135
78121
8804
08886
28460
77063
78002
33326
11542
90808
7092
17517-9253
62221
38134
77055
78623
19464-2509
49236
76249
28115
85259
17578-9571
17972-9741
92648
77401-5801
8876
75209
75211
33019
75137-2132
33607
94566
68112
77401
77075
55057
29044
60555
91732
07027
60564
91006-6350
27253
01453-5237
77494-0585
07090
