75077
77082
77505-1427
32736
84005
84651
94513
77047
91504
77505
75077
33884
33881
94517
33853
08807
33823
97302
27529
84005
33884
90037
08807-1534
27858
80019
98032
08820
84664
77479-8805
33881
90008
49503
7040
83702
77056
43608
90061
77056-5917
33823
95673
07094
48188
44139
76234
94588
28023
33850
33881
55102
91505
78640
33868
03053
33884
47130
77082-1279
80113
77450
84003
94597-2532
94588
84057
75077
90278-7980
75154-2124
08865
77098
84005
94578
55102
30707
55102
94506
75154
84105
87501
75154
60441
33881
75180
33837
7083
33823
68502
75019
33823
07059
33881
33837
07090-4230
90270
07041
33839
32940
33823
84105
33884
75022
21704
49265
77494
90061
49503
33884
60435
30038-2291
84058
94560
75077
77096
75022
77441
60431
91354
01757
50315
07059
98144
77503
32114
77441
75077
37774
53217
91791
33839
33884
33881
92880
75028
75077
75203
75050
33839
60586
76210
17901
44124
60490
27601
77047
07059
28166
85203
33880-1934
90240
91709
01453-4075
94582
95037
89011
87106
80231
01826
76207
77494
94521
28390
75038-5413
01453-2040
19464
77571-6902
85339
07060
49240-8812
8820
75104-1334
54956
75062-5269
90601
76092
28748
1886
77047
33881
33880-1227
75115-9702
19525-9183
92223
87501
75067-9004
08062
76244
60585
92592
33839
75022
80138
30236
76226
75065
33881
33884
76182
97302
33823
75154-4709
91748
90631
92807
02865
84651
76201
78245
8886
32801
76207
33884
77505
87043
23139
85305
75028
48912
80546
76226
07041
19506
53217
60449
98008
49230
60441
91748
75077
98027-9748
85203
75077
33839
17578-9103
17517-9252
19508
77493
91602-2652
90601
11729
98008
33850
1453
94552
33881
48436
87110
10605
87110
7922
76034-5533
33839
91108
94505
91016
75077
80003
90601
55124
75077
92694
07601
87110
94552
77441
47130
75077
32097
33823
77346
77494-1577
33196
76207
33823
90001
76244
98122
01754-1034
01420
28023
77441
43224
76210
17901-4042
90305
33881
77406
40059
77494
75238
94545
28023
94588
75077
7090
8886
94517
28023
33839
30064
95620
33823
76210
80110
94542
94550
01810
91733
78254
77493
33637
77035-2103
95242
75154
46037
76226
15626
32114
33884
84005
75077
33881
77061
76207
37013-4250
84057
95210
33823
85339
85374
94587
33850
85339
76065
84065
80113
19518-1248
90640
60544
90302
94509
94561
8820
92683
7060
01862
75062-4373
94546
64109
75067
33823
77059
48864
80829
94506
33881
28023
87501
84065
94550
80002
01879
49265
84058
75115-5842
77025
08865
48182
7059
75104-6803
60089
78723
84403
75077
75039-1233
76207
43215
80546-5012
78254
94605
77494
77059
07940-2413
83669
75224
76040
75019-3918
07081
33881
84003
84059
33839
76205
02461
98006
60185
98027
75233
60586
98040
75134-1695
37172
77082-5635
17901
95307
75035
84105
33884
87106
75115
78723
75050
77571
08081
07922
60439
80401
80238
75154
33884
84003
60608
85374
01757
7922
91731
33881
91723
76226
32801
94550
22553
76207
17073-9264
48917
33881
37421
95020
27518
76209
75052
7059
17517-8836
33884
17517-2205
77025
08820
77562
94610
7922
92065
80546
29730
32801
90631-7813
44131
94506
77083-1030
22406
07642
07642
33884
37127
77571
75224
08865
07924
8886
77079
94546
08873
84335
90621
84664
33881
68111
76244
75077
77423
91007
77587
33823
33880
94534
19344-9727
19518
87059
76502
77406-3052
33823
75082-3219
33823
76182
75104-6224
33839
37801
77385
77407
91354
94507-1748
75146-2000
76207
33884
91706
50315
75022
75077
97005
32114
80016
28759
90062-1722
90040
33884
33884
77406
90601
17517-9233
33823
02149
77493
92562
7059
77407
75137-3632
55119
75216
76207
33884
77056
94517
15229
33823
75077
94531
22408
68502
33881
33884
75077
77025-3604
28088
78681
60185
27601
08857
75165
80030
76051
55102
78633
76226-5520
77441
33839
75077
19567-7003
23221
91733
75154
68502
33884
33884
60585
49265
10605
68502
78723
98144
98312
83406
77450
80403
34211
77081
89110
80113
90601
90028
76207-6671
80228
84057
17073-9011
08854
98229
07059
85203
83605
33881
77503
55376
17517-9132
87106
07922
75067-7439
94591
98026
33823
93004
75116-4923
90047
77441
33180
75022
94605
7078
01754
77441
33839
17929
77406-5259
84335
75077
28214
77441
19543
84003
94605
33881
77380
97005
94588
33881
28456
83702
19567-7022
75019-2227
94521
7922
77072
68117
87501
33168
29016
33837
53213
33880
98374-6495
7076
19464-2502
87501
33881
76208
7922
75137
19344-8634
68028
60544-9457
75077
33884
80925
33823
76207-1876
87110
75154
75077
91007
60423
94579
19518-1341
84058
08865
84790
78640
08865
07882
17517-2204
68502
84601
53213
87110
37932
8865
84057
19344-1604
75212
28125
94588
68502
94546
78130
07069
47130
77407
33881
76065
33823
27601
75098-8175
20135
84664
76226
75022
68111
77423
49265
78121
8804
08886
28460
77063
48912
78002
33326
33884
64109
11542
07922
91733
90808
7092
17517-9253
62221
75115
75077
38134
77055
90037
17517-9252
78623
19464-2509
87106
84335
49236
76249
77571
84057
75077
85374
28115
68502
75077
85259
17578-9571
17972-9741
68502
90601
77587
92648
77401-5801
8876
78640
75209
75211
33884
60185
84664
77571
33019
75216
84105
75137-2132
17517-2204
77047
68117
33607
94566
68502
68112
07924
33839
68502
77401
91706
76207
33884
33823
77075
55057
68117
29044
60555
84058
77441
77401
49503
94506
75165
94509
07922
33823
33881
33881
84057
83605
94517
53217
91732
07027
84058
60564
91006-6350
27253
01453-5237
77494-0585
07090